14877099
7560
19796498
94640
667440
41554
13089
3121
6344
35970
3117
3082447
41553
53399028
6654
6781
6228
7852
6291886
39985
22206
92425
5284462
7298
6578
86369
91716
21226117
1068
39966
91753
7439
15546
86137
262666
122087
16945
38884
175967
21226411
93315
54680085
10140464
19979647
31645
3039
179983
9862076
54739
5017639
92326
2328
6451156
91644
51605
29863
30773
6994862
17777
16556
11826859
86367
443036
87303
5889665
443048
91744
14210
3317081
6263618
15629
33775
91724
21803
13728
12932
86398
21933506
31657
3225
167173
443029
9576081
57449190
222
92401
7964
39965
25750
9502
8305
6885
9819600
18510139
91692
39238
5796
3083545
284
18971002
9560
8264
7389
6432805
10788
16562
16421
319533
28780
184900
80376
16653
30479
175
107901
213032
13187411
50896
43234
47898
11
57120921
9411
10915750
17580
14215
5794
71245
91715
42614
8292
7519
86173
70726
91751
114135
30692
213013
38090
23424276
107646
11174
5053
115078
16115
16073
66461
3081364
57188415
13218777
92366
157602
29732
2734819
19876371
177355
17754356
190636
43172
42853
13132136
4578030
9411
936
69652
5383
10234
91778
7714
24743
2743
3000605
4928
94654
176879
15553
3976024
13783
4936
57449169
43079
91750
702
16007
57507888
7843
42619
22397349
86426
4130
163893
11145
179584
24723
31573
26927
41648
54778
17334
31273
12521357
92434
6438120
33500
13904
8809
25912
50895
185520
104775
11488729
93539
53672
12753
41368
27409
4420
6360
39223
4767
37995
86298
54740
25146
3082
91754
9273
15767553
20077
52997
5371562
33443
18927903
10435
571084
80277
57357726
156840
91747
213027
91677
15965
94705
24744
9930667
15951
62155
2871
9794117
86175
2268
153920
24376
67113741
6412
57459307
40413
54410940
9834513
5216
18771
73675
29216
57484772
73702
57106265
271
23353
23672337
23667457
213027
86453
40585
73672
66558
21290
86210
25550
34526
1119
7165
909781
162381
91693
39385
91689
91692
50367
1982
67516
86355
8286
57314785
4115
19392414
105010
94498
19792224
6342
22140765
3083543
91773
62276
20105
91612
53735
12025
36879
34766
56994456
73282
3032472
5756385
21116756
1176
91587
43704
264
9576412
11804792
7370
14928400
91735
38532
17808
7813
41909
32490
57517954
7568
13290
47491
21187528
26576
188694
9272
3036
92405
26928
16554
91740
11722
6086269
6795
2900
19788814
31677
3018505
20839046
11340
4937
3034285
6324
93516
53395436
27999
88916
54676884
91679
18870
91665
8381
9210
57449070
30684
17432
91756
527720
10110536
94686
14337
91686
91768
73665
6599
9576037
54611956
47491
19693822
24738
6843616
28213
32154
21756527
91655
10947588
6584
120191
7542
57465973
2723790
11041163
160419
8227
185020
24726
115224
8331
175888
14461241
4690
86122
19657
25912
114868
40528455
92433
28935
91627
20848
57263302
54564001
7003712
32152
66766031
1110
21952380
56634164
43359
85071
23366049
9257
91760
107760
22065570
57142783
6862
91779
27189
73669
22892
69906573
40326
14146
3293
21330
223
16741146
4560140
273291
5460341
244
15452203
19018583
14880662
55790
91770
16683004
44073
73948
7037
41385
5355863
178117
21863245
35699
13263
103788
93422
7047
175845
11709249
26033
86296
174656
1061
23620211
57173120
153847
107851
39040
136333
3032296
5284484
93538
13905
77588
1147
5569
17795
37419
91708
3482402
6269
56635390
5371561
11955
13374529
91658
5484352
6992372
7168
32152
8083
7749
94578
36274
23109790
10197646
101525
7216
16787
57192015
9809914
39676
91742
21116928
22169474
17345
65125
68958231
86417
1049
57449300
4793
167253
18439474
213027
91687
34469
70013180
18459688
51369
62553
14373911
91598
17038
9920327
20199965
73281
20526
28700
5147
795
12921228
15468801
114994
15689
6564
57507876
153909
20396878
22124538
91776
14422439
54265781
192737
5371558
11660449
887
150833
20286801
11815
40299
197701
22591643
14461242
18772439
5485188
86233
19907963
70970
73674
13370097
24482
44134542
37869
22258328
37028
38759
18629954
29696
550925
7826749
91695
213029
3038293
19877808
6979031
53794332
17531
6112114
16685
75332
54744
5853
24730
19693861
12797557
8058
19753308
41632
19402
74098
23442955
6603696
57428585
5371578
89020
15842285
13734708
94659
2319
5284469
57468006
9955885
7560
11150163
18539795
36584
158434
7204818
64689
15646442
750
5257127
86389
39327
5486064
6348
54487514
21453257
57121669
40159
5364079
114800
22188
34357
448674
25188
20662593
123046
9011
32241
520632
57304510
91523
23467892
92350
56160
137016
5483872
11461130
157025
18410128
21710555
50590
12468
29697
32154
3352
23664718
14145
93542
11254
8082
40075
6436606
29393
69649329
26710
12891182
17434
9508
57450768
62746
21933503
11829397
92383
23682789
9548795
28248
449488
23681559
26181
5166299
17110
57417437
6993522
73212
65777
3525006
21584912
60205144
7410
3048
6329
995
94518
69148
12869424
62306
11097730
16760159
20056438
236097
57103574
529536
6335
21933498
167250
16705828
57422103
5460308
13138586
443229
14323
92430
91759
10356
6287
6971018
20431094
6145
57428584
47866
13930
13002936
2078
104926
23416337
4377573
137279
616765
257056
11198
521681
57525345
21277880
67171
68047
2912
5491362
156840
154342
25670
6276
8808
133520
346558
91763
5821911
2284
18290
10958189
21690397
713
57189686
27975
11048796
6451155
18699477
179008
6338045
86429
23424406
448564
7966
14201686
25200032
86353
132910
23617803
91664
160269
137814
535486
281241
6453553
8005
57112926
22506917
3034287
114781
14152665
26879
7116
2778018
57080225
20285279
68736
6805
6451139
9576091
7541
6916151
62389
24721
6451137
24874
34313
50465
86443
16769
7842
53469
6422843
3034351
3032791
24781
3030
16116
3032791
91741
5366546
5372405
12541
57156705
41381
27401
10403199
87176
32872
91771
5460975
17040
91694
86132
3753418
42850
3286
57507845
71081
3034435
37523
62773
443067
39722
10899
86133
6531
18752
93532
107720
57517943
5360072
656612
12304690
6993466
6538241
12304687
276
108196
62210
11664966
12310947
21666878
86457
92420
8948
15604135
48132
32597
5281045
11046097
61899
86187
123622
16003
86422
5484248
21584661
7095
71777
40521
86211
53309
3623881
3031
16722131
1639
9909408
16682804
21226412
93528
21322
10693
182951
195429
3035
15390131
17522
39463
139340
40520
6197
44178
91766
32230
4284
3444
91742
13940
9570291
86103
62829
91749
10157484
33557
4427778
25669
65651
8722
3485262
93341
36870
91777
443629
23424092
93362
37175
4064
439625
19649
62060
16774
9795106
6992810
3539116
458367
942
19662
6020
24722
25552
27158
30913
57507850
54745
3364502
57097729
24514
2513
6616
23617415
6468
443033
13624
93486
91731
5462314
9719
6418
11167
92304
6390
3613496
30363
6537961
24694
17607
312
11487
9604652
5280970
6209
522265
241
313
18348331
4673542
923
40774
11442
11855
7271
10937610
53439366
75048
6323
19539
5182128
12901
23277539
23277514
3033865
29109
961
167239
16682736
16682940
19755960
8081
39425
1117
75893
23994
6436020
104745
6914
727
4278
5852
6926437
1385274
10522
155113
10290740
10996957
22607862
2728
18998
21290
24424
518740
892
3767
6334
7242
11590
6093192
57083661
11106406
23256
28179
211207
431
6948
8268
9570071
961
176
21980959
6423
73670
15531
2314
9864
21896570
40896
6635
4096
24883
57507848
178
8025
1486
644102
4931
13836
20078926
213031
23675735
10897
165337
32518
17112
3546594
904
178795
3716971
57431421
60208015
544
15655
33558
5943
7500
19911064
243
20144841
23421
34810
6450825
6636
6720
57518028
8947
7854
57449178
74685
1099
41463
23681045
18547005
445580
5975
17109
27195
6440557
91734
6758
92299
242
31200
37517
9864905
134653
123627
93460
8427
15788
441644
10342051
15787
3224
34192
4211
40413
7153
19597208
92316
52999
560193
5564
3102
62817
7108
24404
15331
17435
29863
7839
86222
54886
21307
86102
8607
32184
3830
44145118
8254
3830
3346
93228
47938
86160
5991
16181
15530
9554281
4794
5257279
5257280
6466
3347
8630
13676
38779
3034368
13307026
8693
13709
12358970
7280
16034
16247
6295
6433175
57134040
19519
8114
5371560
991
2943
931
3001386
17592
441574
32739
86134
30709
969491
129813
159692
16693908
36679
16248
47326
2730
636806
8342
7551
38235
27375
698
39681
27295
86356
3289
23446992
2086
7710
23618840
42586
36606
16004
12573513
3118
202963
11956006
6129
7204
43226
234
22141747
36867
9570093
91758
6604183
1988
178368
44288334
36565
177047
26124
38479
5842000
19588
356
6354
7158
43714
18055
7639
5372477
8881
135020
49384
153909
16019989
16422
37517
13707
91650
3830
6336
91673
5993
47445
62389
6621
9298
40087
73282
86309
4004
91634
6101643
22094
7860
9256
8800
17517
50897
3026
29307
91739
12364394
4169
938
93482
23664719
439625
167254
19601395
12643
15910
9300
5281875
17563
7301
10568
10107
5859
6909
54960
86268
7328
36242
25429
7017
2734819
38854
91743
13526
13206391
62020
57449299
4618
6794
16211101
52999
69404454
57517955
10800
17044
17581
26229
6861
91752
42504
36250
5360460
1480
12306
7671
7021483
5430
6436021
16722134
9936739
22027053
4929
13450
83975
188653
33565
2256
6436604
14304763
114845
8857
459180
37123
90590
6421
23223116
57243436
3467
6294
450272
39326
299
91683
149013
22188
7847
86418
7873
40032
61021
5125
7005
4409936
24854
5284359
49901
13081
51574
15331
5976
5281872
12600723
86306
23717
25429
53628104
768
962
22247451
8370
57417937
6950
17040
45266904
124511
6212
86354
57418127
9907219
92389
560256
84098
17516
68972
14389519
69789
3015009
57454659
15764428
4933
33791
295464
4628
3017
7157
3589
26934
21330
5392
5353758
7187
712
7034
6378
59130030
93379
32881
7430
34024
14994
4944
41428
207757
33112
15575641
8606
62781
31070
1727
21829879
5455
6957
8794
3120
8900
33294
198155
73674
5759
3034380
21954
2331
250364
12968
19165
13689
21877129
57055744
4933
21954
91656
23620264
13884415
68131
41093
122903
15438
4477
697993
2728
6455164
54738
117524
23275328
18100
40816
56604137
44154552
14423334
53518
9839306
15094848
91781
13346
81869
4790
57082855
8519
22141028
37123
5281547
27982
50516
14322
4212
12295187
12881582
540
39230
777
51556
592959
7493
16559
33772
23672333
33528
7944
139078
7302
119653
3526
9502
4869
9321
37829
57515102
8252
6325
62481
29216
23618259
86412
7865
3598
60853
25010738
23256
1982
15967
5578
4109
23424322
5987
19366655
5284389
19756
117523
32858
22078
87595
992
2314
24262
33360
5746
8330
23693614
91481
4477
5155529
50919851
379
21207
16722118
31957
11966301
36392
20466540
24685
61618
3036623
7207
6023583
11954021
11145
517058
8422
21290
23424147
6985191
43365
51605
26940
3082
1550914
6318
23276654
75792
20965
6363
5543
1489
17748
5281873
6434889
6858005
8021
12771065
57077843
8332
137075
22495101
37125
27159
23424421
153974
158659
23424001
24499
71358754
53597
11564649
5377784
61103
47759
28292
34468
4269236
31899
57425431
57507194
522251
19660
86416
162992
177
2566
10987117
15628
65093
137930
4581
451668
15766
72879
57233578
15939
23424001
23424384
9909408
16682804
8594
78896
126941
6115
12798
86138
5368008
15239624
7810
24463
26295
11876
3683036
2723650
19395
24781
4400324
3391107
6197
86188
52997
7583
22208
15606048
41384
813
