0.8 5
1 1
1 1
1 1
0.5 2
0.666666666666667 3
1 1
1 1
1 1
1 2
1 1
1 1
0.5 2
1 3
1 1
0.25 4
0.666666666666667 3
0.666666666666667 3
0.6 5
0.416666666666667 12
0.666666666666667 3
1 1
1 1
0.666666666666667 3
0.5 6
1 1
1 1
1 1
1 1
1 2
1 1
1 1
0.5 2
1 1
1 1
1 4
1 1
1 1
1 1
1 1
1 2
1 10
0.5 2
0.5 2
1 1
1 1
0.333333333333333 6
0.333333333333333 3
1 1
1 1
1 2
1 1
1 1
0.5 2
1 1
0.5 4
1 1
0.571428571428571 7
1 1
1 4
1 2
1 6
1 1
1 5
1 1
0.8 5
1 5
0.333333333333333 6
1 2
1 1
1 1
0.333333333333333 3
1 3
0.5 2
1 2
0.5 2
0.25 4
1 1
1 1
1 2
1 3
0.5 2
0.666666666666667 3
0.75 4
0.666666666666667 3
0.5 4
1 1
1 1
1 1
1 1
1 2
1 4
1 1
1 2
1 2
0.25 4
1 2
1 6
1 1
1 10
1 2
1 1
0.5 2
1 1
1 1
