0.666666666666667 3
1 1
0.833333333333333 6
0.5 2
1 2
1 1
1 1
0.6 5
1 1
0.4 5
1 2
1 1
0.666666666666667 3
1 1
0.333333333333333 3
1 1
0.5 2
0.2 10
1 6
0.5 2
0.5 2
1 4
0.5 2
1 1
1 1
1 2
0.5 2
1 5
0.166666666666667 6
0.5 2
0.5 2
1 2
0.333333333333333 3
1 1
1 1
0.5 2
0.5 2
0.333333333333333 6
0.5 4
1 1
1 2
0.666666666666667 3
0.5 2
1 1
0.75 4
0.2 5
0.25 4
1 1
1 1
0.5 4
0.833333333333333 6
1 1
0.333333333333333 3
1 4
1 1
1 1
0.333333333333333 3
1 1
1 2
0.666666666666667 3
1 6
1 1
1 3
1 3
0.333333333333333 3
0.2 5
