6947
6998
7005
7020
7047
61571
7061
7067
7094
7166
8086
2337
638024
7237
335
7240
7257
7274
7281
7284
7288
7292
7313
7321
3037
7406
7410
7422
7471
980
7479
6623
7497
7504
7515
7517
7522
7583
7603
7632
7677
7681
7694
7726
7761
7771
7784
7807
7809
2879
4684
7813
7819
7840
34
7854
3301
7859
7870
61017
7895
7909
7914
7963
7966
7970
7975
7997
8001
8007
8010
8021
36383
8034
8049
8051
8058
8066
8072
8078
1049
8081
8095
7628
8101
8102
8103
8113
8128
8129
8140
8143
957
8146
31100
44656349
8163
8174
8207
4944
8258
8289
8292
8346
8361
8365
6359
62477
1483
3102
8416
13
8467
1183
326
11487
31236
6332
31242
31261
31265
31272
13583
31357
31370
45157476
568
8609
10898
4284
8795
8830
700
8857
8881
8908
8909
8914
40000
8920
5284499
9016
9237
3118
9411
9731
1201518
10367
10680
2347
10698
10721
10722
10800
10908
10943
24883
11002
11101
541
8005
11251
11622
11852
11972
69229
12091
12124
61163
12266
12377
6950
12580
12749
12813
4933
12971
2130
13081
13097
13165
13166
7184
13254
13360
13404
13436
13454
261501
5281167
5284503
15098
15439
19665
15530
15531
15624
16183
8916
16247
16421
16584
16666
71404
6929
17016
17092
17151
17236
17259
20525
20769
21013
94308
11105619
46856380
81629
17004
6579
8888
5053
25670
26132
2078
5360521
32484
24874
38360
40326
25592
9570281
12797557
15627
24723
170249
5280961
5281708
5280378
15730
2999413
6025
8456
76302
5280805
10204
6984
7453
4928
13089
79688
8814
39676
31404
10635
5756
5870
104741
5994
6013
68570
192197
667476
449459
16043
5280443
4788
5280373
5281607
5281707
5997
8569
70038
4632
8572
7393
4766
6626
8372
7338
11328
2482
681
896
7577
69150
11595
9171
67174
4534
66494
66166
12111
75575
4169
8554
7705
18303
5753
6997
12101
222284
84677
444539
66030
14855
6037
7649
7302
590836
6782
14138
5426
107377
7180
7175
8434
7456
11742
2518
1981
54676537
904
1986
1990
6806
5284513
5284514
40466858
2022
190
2519
7855
60961
5957
6083
2040
2082
3032361
5284515
36354
2094
235905
5280793
104845
2118
5280723
2123
2141
29927142
37768
169371
2145
2148
2157
9568512
2161
2170
5280965
6249
7048611
3698
2187
10634
43071
5284360
2197
6005
2230
5284517
2249
47320
16574
2541
19861
54116
54117
2284
2294
9330
2315
21102
2333
7699
2343
7768
2351
247
9782
71470
21800
16533
2369
56069
1548943
171548
2391
44112
31101
2448
2451
2471
2477
17038
54746
5283731
5280453
34458
5281227
2554
2562
34359
28082766
51585402
8606
31072
1080
9564
443831
2578
51039
7048572
47965
6560167
16219159
6410758
33255
11236
11083855
45489818
6321411
43507
441199
6526396
5284529
41375
2662
27447
6560168
5773
61002
457193
6024
38103
40467109
2795
5284533
2717
2720
2722
2724
2726
667466
8480
2732
2733
9854699
10255083
1547484
2762
2769
20279
6129
5284534
2783
2788
10783
2800
2801
2803
2804
6854
16351
222786
5745
19003
2893
2898
2904
6234
51670069
2910
2566
2913
5284537
6058
6253
28417
30323
6674
5625
5952
5943
28620
40973
236702
63049
63047
131204
5793
24187255
3019
470999
6488
656655
3038
3042
50599
3059
441207
2724385
10230
5311071
39186
5280489
94280
24244
5280363
5280360
6126
3100
3055
10578
5702697
6433197
10197901
36811
16724
9955175
18343
50942
3168
9051
3182
6049
5232305
10219
5388962
40466924
289
3229
28230148
5816
12560
443953
71277
222757
9403
8225
21070
13791
10133
12364
5284555
9363
14604
5284557
3291
3292
3295
13765
37497
3305
2707
3307
1892
41109
36339
5284558
5282375
60198
3324
3325
5353622
5702160
3331
8630
3333
3335
3337
3345
28871
35455
3356
5790
3366
657237
2708
31378
3371
3373
3386
3372
3393
3089
10313516
439709
3002119
3442
6036
6172
27812
3475
91610
32778
124886
25246407
3487
3489
60196414
3503
460
3516
3608
101587
774
3634
3647
3658
8266
104838
40473166
27648
3723
3739
3728
3730
65492
3735
5284361
3736
3742
3749
7176
3759
3775
3779
27661
5282379
3784
9324
55283
6321424
5284579
439318
3821
3822
3827
612
19789253
73339
3878
7578
5284580
24180680
656630
3883
3899
3902
5359371
6047
6971033
5819
25201348
5920
7048703
53665
30951
101616
3950
3957
3958
3961
5761
5962
6251
4032
4044
8567
10209
4059
6257
8271
5284587
4064
4066
4078
11241
15459
4091
6300
6292
4099
4100
8226
4107
4117
6476
443946
38853
6919173
15387
6741
5877
9913795
9681
443944
4121
4174
441350
6918925
656511
4184
4189
55245
441314
4197
21209
4205
4236
441336
5281078
39147
5311304
5284594
5284596
9677
229455
7263
50294
4472
4474
4476
25495
7510
4488
4496
4497
4499
22584
4506
4507
4513
4528
439260
6230
5832
275196
4567
7255
4595
5284600
4612
8269
36314
4674
44400012
4679
7260
31264
443928
43815
6271
6518
3053
4737
439693
47812
11292791
107807
40466996
18487
24860538
4748
4753
4760
4768
6839
5775
4920903
994
57397115
4806
5983
5284607
5694
16362
4828
4831
6921791
19675
4842
4848
4849
27400
33
5284610
119570
4888
5834
4909
4922
4927
10757
4943
7558
3778
5284613
638678
4977
1054
4992
54680693
54698174
8805
5002
6307
5953
5035
5362129
6992028
65981
32681
445354
37542
5078
7812
5090
5281055
11328950
25058199
5152
54454
5284616
9548595
5282219
337359
30084
5284363
5780
5253
60464
6956367
7014
122820
5458589
5284620
441071
1110
21952380
130313
7964
5323
17134
5324
5330
5325
5326
5328
19596
5342
24841438
10522
5333
1548887
5358
6769
444305
65999
5284623
1549008
5405
31296
6651
13769
197006
46941500
2723601
5452
5454
11061
5789
5468
204
444008
5472
38409
3033151
33624
5479
5483
5487
36294
6212
5502
4659569
443879
5284627
41781
33741
5484727
37888437
5282230
5284629
5560
7864
5565
656583
5578
12478
5585
5282443
5591
5284630
11499
23392
11344184
67269716
6503
5597
6057
6942100
3121
71113
5284633
23394
43833496
57775996
67269795
5656
443955
54678486
9912
26618
135191
5717
24066
5719
60855
40469135
6635
8800
119175
16685
15910
7858
5281068
5284366
2727
517277
20597791
11107130
2950
2756
6881
2763
311
19782904
5971
178
2796
60974
5284371
220401
3969
2871
323
7610
28207
8445
2724103
10005
24185711
25051
444041
7967
7232
21097
2723770
14500
22487
62130
5284373
9880
60960
11030077
60208009
24832067
15331
2955
4211
6294
3035
6702
3036
189821
5881
14709
40585
8550
5743
72884
28700
8560
77406
38221
69917
8715
53429662
70181338
7261
3016
3017
5889
9216
7280
3613389
7839
9798523
16682740
32154
5284382
2771871
16560
8342
11860
6597
4984721
7239
4685
7070
11933
51066515
642197
6365
11
8449
8427
97971
3417419
1486
7206
61286
7173
3120
7327
6564
3039
8268
727200
8486
6673
969491
2730
12703
8117
12051
5271566
448537
2735009
12342
8341
30717
7586
660
3081
3082
13232
41023
5284385
7069
30113
62311
51066483
6053
7340
1983
12958
3090
8441
31374
14184
27177
23424049
53627472
6009
7902
949
2513
564
517030
90509
6001
11932
108938
51066482
6598
11728
221511
6228
5976
9380
10555
1493
7102
8819
11813
8461
31275
70414
8980
657365
43833360
6319
6837
7597
1775
16451
5284341
16219288
2724564
2777982
17110
57417437
65340
517540
46911794
11224
43833352
5281855
3068143
3224
12358480
3446
6919078
3226
7835
7834
66952495
3261
5757
8815
5991
2761171
9013
1639
3282
3293
8821
702
7748
6295
6501
12967
7500
174
18171
5284342
13710713
14075
2723650
8453
7833
7720
7641
8343
72060
9270
2164
3308
2758
3314
59694
53393316
3346
3347
57363
41022
46864232
3365
23565
16562
9690
9462
3385
62857
657320
11824156
446155
8029
7362
3440
370
7703
3463
1549026
6466
33032
44272391
753
7290
11164
2944
77342
637563
1989
10114
441140
320930
3589
14276
8127
8370
6901
7057995
727
6478
6214
3598
4101
12679
12332
7541
119193
3610
66091
46856347
24842
22613666
93098
4373502
98613
12089
90547
517391
31222
6115
3639
5754
785
7638
14130
8017
1923
3672
30623
798
8870
11029871
802
3715
3727
6374
53462
20240
10958
3763
88735
3767
8638
11378651
15074
5922
6544
3690
6557
3776
2728
24685
8439
5280863
30085
2734956
299
3825
441415
5284409
67108273
440917
9903
39562
53232
24644
643991
15415
4004
227
3734162
21954
57518028
7955
54677470
460612
6918992
16666
697993
9815303
667490
6780
8253
409301
6291
60976
8667
13709
1349907
876
5255805
126941
22086
13622
8809
4115
9015
107202
4114
15413
11722
80519
5284419
5284421
122903
6658
4156
6261
5359260
9562060
31426
4130
13387
67955
7409
9958
1674
38018
38852
7543
13283
6344
7567
8398
9323
165286
7253
7002
7055
518605
9280
10945497
57516065
7059
11910
12161
667493
4173
9414
7031
16945
5282381
66586226
5746
14802
300
9415
2478
19592
4421
931
6861
6862
54670067
16720
15106
14718438
53314899
7142
736366
8640
7057
6670
71157
4523766
6101499
134601
6992066
936
89594
938
11112
8758
24188564
7447
5447130
7097
2244
16463
4338370
5111791
7444
11769
7475
7048
12076
7416
2247
7195
6108
12302
6587
11831
4509
6375
6849
7903
2256
398
1678
21694
11945
11830
13671
12699
43371
13542
14223
5921
6124
6838
9074
12130
25418
30360
13613
11957
6046
17170
25164056
44657951
44721253
8247
21845
7526
13591
11909
6231
64961
4594
5282164
9595287
4616
4628
71172
53446526
54759111
7579
7619
991
23676814
15767
9444
6419
992
5284439
4754
2206
8691
657215
16741
13266
657277
4763
65114
66587106
996
20488062
4764
7108
6141
657233
5284441
23654
7673
4021
8679
75146
517354
5284442
676454
4781
7935
7814
10941
43833488
11990
10856091
46941307
441279
657210
5284443
61100
57417440
2265
31217
7516
60962
10898833
14325810
57518737
9905811
16682730
7017
7103
25750
6956
6811
15965
65948
5910
5284447
4837
8082
5794
8442
54676228
158629
5284448
4883
4890
4891
5755
5865
4911
4915
9703
441273
13715
197873
44581885
6014
517306
657263
4930
2268
14264
4937
2365
62882
25137848
43834240
14215
4947
1030
657298
72
6683
2272
1046
5284451
43833343
57455287
4993
5280343
5284452
54891
66916691
107999
66930859
35370
2018
3465817
5770
5054
444795
638034
5280531
66629233
11292
5351638
9840203
60207192
6758
5143
24181110
5144
2083
6211
5283748
24007
68289
5216
66925419
643460
66245
45371387
67108155
7111
29327
22833294
7501
7276
7922
5988
7216
5327
5344
10754
517330
517353
6498
5362
11289
2733525
25010734
1123
4068592
5386
5391
12902
23892
27465
2336
15625
8305
12418
6591
31373
13745
3117
16078
8028
10290856
41478
5455
7347
10509
2153
5430
27200
5453
2723949
9223
7308
2406
8765
2723789
1269845
2723790
86472
5503
7064
5505
1140
6924
12515
522105
12484
11171041
10891
11182668
56846554
12148
3005572
5284469
6436
243
20144841
80434
5546
5558
10850
6428
6421
23223116
12471
6574
6278
6575
8400
12035
6389
8607
6914
7158
1480
5853
7285
6529
7618
8172
4650
5569
5576
2449
8717
7247
10541
2779938
62329
9909408
16682804
9907219
8447
5282442
5284472
8295
31356
6537
24730
1148
4099458
6305
6923516
1174
5639
1176
7220
5641
7904
7499
6366
6917
444020
7929
88898
70586494
7367
62158
5281576
16211698
22836345
12001
5284486
9352
11955
180
998
1017
18183610
8496
23461093
11288
10708
11138
7505
8794
12867
8785
6227
11534
612040
6554
6333
261
264
6569
444266
444972
21883788
244
8177
7856
27655
13203
8142
7245
11734
7899
6571
9268
7503
8175
2969
3024
69765
12694
18177
67299
24233
6418
10567
8425
10793
11701
650
10438
12681
19633
3893
8130
385
12372
2346
8094
8303
985
5282745
6184
196
22494954
8892
11509
7420
31297
18170
7418
7470
11552
12244
8314
325
74710
9862
66172
12046
146540
57504677
7341
11262
6561
6590
31289
2266
19347555
8158
5281
5281872
454
10457
22494956
379
970
74563
11579
1060
13849
8063
743
23322899
7095
7991
999
13888
527
867
23511544
80428
31291
11005
8256
6415
18692
61144
11011
13514
13530
10458
12530
62374
8186
14257
8180
16682746
24195826
2331
4055
6028
1732
6048
22833295
2735101
5147
54676038
7944
679
1031
263
6276
16220034
6409
6416
6491
6494
8115
6525
6540
6560
6567
6568
4
6584
638014
6619
6643
10967
6650
6734
6736
493570
6778
6781
3026
6872
6931
6942
5382
7847
