0.5 4
1 3
1 1
1 1
1 3
1 3
1 2
1 1
1 1
1 1
1 1
1 1
1 1
0.5 2
1 4
1 1
1 1
1 1
1 1
1 1
1 1
1 1
0.5 8
1 4
1 4
1 1
1 1
0.166666666666667 6
0.5 2
1 2
1 2
1 1
0.5 2
1 1
1 5
1 1
1 1
1 1
0.5 2
1 1
1 1
0.666666666666667 3
1 1
1 2
1 1
1 1
1 2
1 2
1 2
1 1
1 1
1 1
1 1
1 1
1 1
1 2
1 1
1 1
1 1
1 1
1 1
1 3
1 1
1 3
1 1
1 1
0.666666666666667 3
0.25 8
0.666666666666667 3
1 2
1 1
1 1
1 1
0.428571428571429 7
0.5 4
1 2
1 1
1 1
0.555555555555556 9
1 1
0.333333333333333 3
0.5 2
1 1
1 1
1 2
0.5 4
0.5 2
0.5 2
0.25 4
1 1
1 1
1 1
1 1
0.5 4
1 1
0.5 2
1 3
1 1
1 1
1 1
1 4
1 1
1 1
1 1
1 2
1 1
1 1
0.666666666666667 3
0.8 5
0.6 5
1 1
1 1
1 1
1 1
1 4
1 5
1 1
1 1
1 7
1 5
1 1
1 2
1 1
1 1
0.533333333333333 15
1 1
