1 1
0.5 2
1 3
1 1
0.272727272727273 11
1 1
0.666666666666667 3
1 1
0.333333333333333 3
0.333333333333333 3
0.5 4
0.666666666666667 3
0.666666666666667 3
0.666666666666667 3
1 1
1 1
0.333333333333333 3
0.333333333333333 3
0.25 8
0.333333333333333 9
0.5 2
1 1
1 8
0.666666666666667 3
0.5 2
0.4 5
0.666666666666667 3
0.5 2
0.333333333333333 3
0.142857142857143 7
1 1
0.5 2
0.272727272727273 11
0.833333333333333 6
0.333333333333333 3
1 1
0.25 4
0.75 4
1 1
1 1
0.333333333333333 3
0.5 2
1 1
1 1
1 1
0.5 2
0.5 2
1 3
1 4
1 2
1 2
0.4 5
