0.5 4
1 1
1 1
1 1
1 1
1 1
1 1
1 1
1 1
1 1
1 1
1 1
1 1
1 1
0.5 2
0.5 2
1 1
0.75 4
1 1
1 1
0.333333333333333 3
1 1
1 1
1 1
1 1
1 2
1 1
0.5 2
1 1
1 1
1 1
1 1
1 1
0.5 2
1 1
0.666666666666667 3
0.5 2
1 1
0.5 2
1 1
1 1
0.5 4
1 1
1 1
1 1
1 1
0.5 2
1 1
1 1
1 1
0.5 2
0.5 2
1 1
1 3
1 1
1 1
1 1
0.666666666666667 3
0.666666666666667 3
1 1
1 3
1 1
1 1
1 1
1 2
0.5 2
1 1
1 1
1 1
1 2
1 1
1 1
1 1
1 1
1 2
1 1
1 1
0.5 2
1 1
1 1
1 1
1 1
1 3
1 1
1 1
1 1
0.333333333333333 3
0.333333333333333 3
1 1
1 1
1 1
1 9
1 1
1 1
0.5 2
1 1
0.5 2
1 1
1 3
1 1
1 1
1 1
1 1
0.5 2
0.5 2
1 1
1 1
0.5 2
1 2
1 1
1 1
1 1
0.5 2
1 1
1 1
0.5 2
1 1
0.5 2
1 1
0.2 5
0.75 4
1 4
1 1
0.8 5
1 1
0.5 2
1 1
1 1
0.8 5
0.333333333333333 3
0.75 4
1 2
1 1
1 1
1 1
0.5 2
1 1
0.5 2
1 1
1 1
1 1
1 1
1 3
1 2
