1 1
1 2
0.333333333333333 3
0.5 4
1 3
0.666666666666667 3
0.111111111111111 9
1 1
1 1
0.666666666666667 3
1 1
1 3
1 3
0.5 2
0.333333333333333 3
1 2
0.25 4
1 1
1 1
1 3
0.5 2
1 1
0.5 2
1 1
1 2
1 2
0.5 2
1 1
1 1
0.5 2
0.8 5
0.545454545454545 11
0.5 2
1 1
1 5
1 2
0.8 5
1 1
1 1
1 1
1 1
0.333333333333333 9
1 5
1 1
1 1
1 1
1 1
0.5 2
0.8 5
1 3
0.25 4
0.5 4
1 1
1 1
1 3
0.5 2
0.2 5
1 1
1 1
0.833333333333333 6
1 3
1 2
1 1
1 3
1 1
1 3
1 1
0.2 5
0.8 5
1 2
1 1
1 1
1 1
0.8 5
1 5
1 6
1 2
0.5 2
0.5 2
1 1
0.666666666666667 3
1 10
