1 1
1 1
1 1
1 1
1 1
0.5 2
1 1
0.0666666666666667 15
1 2
1 1
1 12
1 4
1 4
1 14
0.8 5
1 1
1 1
1 1
1 3
1 2
1 3
1 1
1 1
1 1
0.5 2
0.333333333333333 3
1 3
1 1
1 11
0.166666666666667 6
1 1
1 1
1 1
1 1
1 1
0.333333333333333 3
1 1
1 1
0.1 10
0.8 5
1 1
1 1
1 1
1 1
1 1
1 1
1 1
1 1
0.25 4
0.25 4
0.375 8
0.5 4
0.666666666666667 9
1 2
1 1
1 2
1 1
1 10
1 1
0.833333333333333 6
1 1
1 1
0.5 2
0.5 2
1 1
1 1
1 1
1 1
1 1
1 1
1 1
1 5
1 1
0.333333333333333 3
1 1
1 1
0.333333333333333 3
1 2
1 1
1 1
1 1
1 1
0.666666666666667 3
0.5 2
1 1
1 1
1 3
1 1
1 1
0.2 5
0.333333333333333 3
1 1
1 1
1 1
