1 1
1 8
1 1
1 1
1 1
1 2
1 1
1 1
1 1
1 1
1 1
1 4
0.888888888888889 18
1 5
1 2
1 1
1 1
1 1
1 1
1 1
1 1
1 1
1 1
0.333333333333333 3
1 1
0.25 4
1 1
1 1
1 1
1 1
1 1
1 1
1 1
0.333333333333333 3
1 1
1 1
1 1
1 1
1 1
0.25 4
0.363636363636364 11
1 1
0.25 4
1 1
0.294117647058824 17
1 1
1 1
0.666666666666667 6
1 1
1 1
1 1
0.5 2
0.333333333333333 3
1 1
1 1
1 1
1 1
1 1
1 1
1 1
1 2
0.2 5
1 1
1 1
1 1
1 1
1 1
1 1
1 1
1 1
1 1
1 1
0.166666666666667 6
1 1
1 1
1 1
1 1
1 1
1 7
1 1
1 1
1 1
0.863636363636364 22
1 1
1 1
