0.666666666666667 3
1 1
1 1
1 1
1 2
1 1
0.666666666666667 3
1 1
1 1
1 3
1 1
1 2
1 2
0.5 6
1 1
1 1
1 1
1 4
1 1
0.5 2
1 1
1 1
1 1
1 1
1 1
1 1
0.5 2
0.5 2
1 1
0.5 2
1 1
1 1
1 1
0.333333333333333 3
1 1
1 1
0.333333333333333 3
0.428571428571429 7
0.333333333333333 3
1 1
1 1
1 1
0.333333333333333 3
1 2
1 2
1 1
1 1
1 1
1 1
1 5
1 1
1 1
1 1
1 1
1 2
1 1
0.666666666666667 3
0.333333333333333 3
1 1
1 2
0.5 2
0.5 2
1 1
0.333333333333333 3
1 1
0.166666666666667 6
1 1
1 1
0.7 10
1 3
0.6 5
0.333333333333333 3
1 1
1 1
1 1
1 1
1 1
1 1
1 1
1 3
1 1
1 1
1 1
1 1
0.25 4
1 1
1 1
0.8 5
1 1
1 1
1 1
1 1
1 2
1 2
0.333333333333333 3
0.5 2
