0.5 2
0.75 4
0.5 4
1 1
1 1
1 1
1 1
1 1
1 1
0.75 4
1 2
0.666666666666667 3
0.25 4
0.5 2
1 1
1 1
1 3
0.5 4
1 1
1 1
1 2
1 2
0.5 8
0.5 2
1 1
1 3
1 1
1 1
0.5 2
1 1
1 1
0.666666666666667 3
1 1
0.5 2
1 1
1 1
1 2
0.5 2
1 2
1 1
1 1
0.5 2
1 2
1 3
0.666666666666667 3
1 1
0.4 5
1 1
0.666666666666667 3
0.666666666666667 3
0.666666666666667 3
1 1
1 2
1 1
0.666666666666667 3
1 1
1 1
1 1
0.666666666666667 3
1 5
0.142857142857143 7
0.666666666666667 6
0.333333333333333 3
1 1
0.333333333333333 3
1 1
0.75 4
0.5 2
0.5 4
0.666666666666667 3
1 4
1 2
0.5 2
1 1
1 1
1 1
1 1
1 1
1 1
1 1
1 8
1 1
1 1
1 1
0.666666666666667 6
1 4
1 2
0.6 5
0.333333333333333 3
1 2
1 1
0.333333333333333 3
1 1
0.5 2
0.25 4
0.5 2
0.5 6
1 2
0.333333333333333 3
0.5 4
1 1
1 1
1 1
1 1
1 1
0.625 8
1 1
1 4
1 1
0.333333333333333 3
0.666666666666667 3
1 1
1 3
0.2 5
0.4 5
1 1
1 1
1 1
1 1
1 1
1 3
0.5 2
1 1
0.5 2
0.5 2
1 1
1 1
1 1
1 1
1 1
1 2
1 1
1 2
1 1
1 1
1 1
0.333333333333333 3
1 1
1 1
1 2
1 2
0.333333333333333 3
1 1
0.8 5
1 2
0.5 4
0.5 2
1 6
1 2
1 1
1 2
1 2
0.333333333333333 3
0.25 4
0.25 4
1 1
1 1
1 2
0.666666666666667 3
