1 1
1 1
1 1
1 1
1 1
1 1
1 1
0.333333333333333 3
0.75 4
0.5 2
1 2
0.222222222222222 9
1 1
1 2
1 2
0.333333333333333 6
1 1
1 2
0.333333333333333 3
0.333333333333333 3
1 2
1 2
1 1
0.5 2
1 1
1 2
1 2
1 2
1 1
1 1
1 2
0.333333333333333 6
1 1
1 1
0.75 8
1 3
1 1
0.25 4
1 4
1 1
1 2
0.5 2
0.5 2
1 1
0.166666666666667 6
1 4
1 2
1 1
1 1
0.333333333333333 3
1 3
0.166666666666667 6
0.333333333333333 6
0.5 2
0.333333333333333 3
0.666666666666667 3
1 1
1 1
0.666666666666667 6
1 1
1 4
1 1
0.5 2
0.5 2
1 1
1 1
0.2 5
1 1
1 1
1 1
1 1
0.666666666666667 3
1 3
1 1
1 1
0.333333333333333 3
1 2
0.2 5
1 1
1 2
0.25 4
1 1
